6.724657374202162252e+00 -6.430379497946588252e+00 -5.388380922440236809e+00 -6.478967184433462201e+00
4.935718286917557762e+00 -4.399345412269063615e+00 -6.478040501110605476e+00 -5.094093490957861903e+00
-6.956728900565374296e+00 -6.538957618459302346e+00 -8.561636957305990947e+00 8.150706164534726739e+00
4.144456431876808900e+00 5.193916816472055942e+00 -1.110768008003796403e+01 8.913962970373635386e+00
-116.357685625534372775e+00 -206.583124920042760841e+00 -98.587834906290133574e+00 79.669971124995679013e+00
5.930408594755999907e+00 -5.966664938146323927e+00 -6.052593090259983377e+00 -4.856553585981771448e+00
-6.866625299273363403e+00 -5.426575516118630205e+00 -9.102984589873965859e+00 1.004369208208832198e+01
-2.300334028047994916e+00 7.054616004318545741e+00 3.311692787329670651e+00 2.170030919809855519e+00
-8.257296559108361578e+00 -7.817934633191069516e+00 -8.323292489427350560e+00 7.837308866410912067e+00
1.229779496431474994e+00 4.046715114454009665e+00 -9.083322835103494697e+00 1.026395223741000784e+01
-2.147561598005116146e+00 8.369166373593197150e+00 5.001274441736515364e+00 3.511206250406701201e+00
6.630339680016045456e+00 -6.041876425354614888e+00 -6.040782095519897865e+00 -7.159140746483646289e+00
4.155333609520441840e+00 2.209363756398406764e+00 -9.740095209119534303e+00 9.986514249724462999e+00
7.272972633060590830e+00 -5.124872277170196888e+00 -6.375747428704902298e+00 -7.229164174417155309e+00
-6.665533447021066316e+00 -8.125848371987935082e+00 -8.665146830784827614e+00 7.708840295227539663e+00
7.338996807719547988e+00 -6.154438258320313437e+00 -6.139408174047570554e+00 -6.319317402149528640e+00
-3.987719613420177556e+00 8.294441919803613672e+00 4.179240065268313487e+00 3.030291910159647717e+00
2.135817580115423553e+00 4.823582230441955332e+00 -8.002293297938599892e+00 8.160381544413036536e+00
-2.267235351486716066e+00 7.101005883540523200e+00 2.914961003715068610e+00 1.410882154699759194e+00
4.336958801537684316e+00 2.294186363329160816e+00 -8.902049923709437707e+00 7.785481172050234377e+00
2.221359930437645680e+00 3.561234678762114303e+00 -9.518508029093931455e+00 9.012883446378125996e+00
-142.213077345988174294e+00 169.275341400378211532e+00 214.644992292870562700e+00 161.738582550565585194e+00
8.220038278083994232e-01 3.826950320079960388e+00 -1.006325542524490757e+01 8.744867810666173469e+00
-7.103089976477121148e+00 -6.166109099183854525e+00 -8.365090132062466211e+00 7.250694002841830077e+00
1.306996525604207537e+00 4.841049304855584268e+00 -1.031867674580108840e+01 9.614655632821861531e+00
-3.211250716930102556e+00 8.686623981600552824e+00 4.247770683095943411e+00 5.096547358086134238e-01
-6.088595244108223170e+00 -7.789497048070685992e+00 -7.435533445699911148e+00 5.921671852706422712e+00
-3.317691225945937905e+00 8.512529084613785102e+00 5.555280953930175514e+00 2.301920793600416459e+00
5.889720154454737511e+00 -5.602823999958268963e+00 -6.021744680080828083e+00 -4.455738963715437428e+00
-6.652167256547140362e+00 -5.572966838993518301e+00 -1.044581099119723788e+01 7.508156774031007785e+00
-2.728869510890262085e+00 9.371398699710068669e+00 6.117772880969617688e+00 1.454899465667084613e+00
-7.559651912729760781e+00 -6.647855896114942986e+00 -8.545255283337329644e+00 6.609171497472335233e+00
6.745848781001154038e+00 -5.158060760997563499e+00 -7.181721339091460266e+00 -4.239522527245863870e+00
-6.914338960856513339e+00 -8.048787630895478884e+00 -7.695504942120989789e+00 8.075455948185476629e+00
-5.013852680006513296e+00 -6.406276672364159097e+00 -1.002963125383865872e+01 7.980076524132533322e+00
6.769148447720334971e+00 -5.238778952375727549e+00 -5.651885777769098063e+00 -7.456551894769193112e+00
8.099996423803476731e+00 -4.793946960349270370e+00 -4.210318198346431728e+00 -7.099257365819372723e+00
-2.251647232329985648e+00 8.939840212432153876e+00 2.721107620929060111e+00 1.946655808491515094e+00
-7.125015307154140665e+00 -7.633845757633435980e+00 -9.727842186261533186e+00 6.507712630533264431e+00
232.303292102599208135e+00 316.538752036100315301e+00 -99.796432364441226781e+00 118.905196108581053593e+00
-1.770731043057339749e+00 9.185654409388291697e+00 4.524230553839861280e+00 1.672065988351443266e+00
-7.726420909219674726e+00 -8.394956817961810813e+00 -9.284842708703031633e+00 8.179921709822174591e+00
5.826632420442003912e+00 -5.509530574942564485e+00 -6.118534084749264856e+00 -6.838852978302453423e+00
-7.941930904877374964e+00 -6.406517162640764873e+00 -9.757751990869813596e+00 8.873457320516243030e+00
-2.545023662162701594e+00 1.057892978401232753e+01 2.020133732138357008e+00 2.795072188315955941e+00
5.823355619215924150e+00 -6.074603628087470675e+00 -5.950569201582363021e+00 -6.895634355735298371e+00
-3.186119623358708797e+00 9.625962417039190200e+00 5.670878358724052326e+00 2.904449803056930790e+00
-6.521839830802987237e+00 -6.319325066907712340e+00 -7.755276513460733767e+00 8.377324967533606781e+00
1.193305223942103366e+00 3.601270515723939525e+00 -8.841016508960688469e+00 1.000856730867335109e+01
-6.253959843386263984e+00 -7.737267149692229395e+00 -9.909220254697123309e+00 7.805995330741888338e+00
-2.988371860898040300e+00 8.828627151534504947e+00 3.533543862222073173e+00 7.769630598600612004e-01
-3.522028743387173755e+00 9.328533460793595466e+00 3.731854760706890595e+00 5.608659826054405162e-01
-2.522694847790684314e+00 7.956575199242420737e+00 5.462423748331290518e+00 7.523260339697097621e-01
5.809130973827659972e+00 -6.352610431878499497e+00 -8.487396380167794518e+00 -6.857664824612085042e+00
7.168199330249607648e+00 -4.220478873431899203e+00 -6.472260804314845295e+00 -5.930198080832382423e+00
-2.670483334718759316e+00 9.418336985012860652e+00 6.526064737438631802e+00 2.147747496772570930e+00
-3.038957826819788988e+00 9.527553561311677299e+00 4.736956385576141848e+00 2.941814674473621327e+00
3.787754475145272526e+00 4.566433266881864128e+00 -1.084919406841899558e+01 1.031605899029466222e+01
3.289211384050798159e+00 3.453782090302127905e+00 -9.144490685937721963e+00 1.017283109666922236e+01
6.177814510390112979e+00 -5.521167849076840994e+00 -7.811584997355311977e+00 -7.739373577307878449e+00
2.067872074767989510e+00 3.509851208315091675e+00 -7.444366024758625855e+00 1.003211606555789714e+01
-2.165579333484288771e+00 7.251245972835587139e+00 4.963962805622896823e+00 1.588087403524415464e+00
-3.053580347577932841e+00 9.125208717908186884e+00 3.488885258805798806e+00 2.348867702286403958e+00
-6.292770097351000125e+00 -4.689653967465968520e+00 -9.828864081766699456e+00 6.757225185895931574e+00
7.506512439210455412e+00 -5.913156316397904178e+00 -6.382516863760676173e+00 -7.334439167569132501e+00
1.432935477919964118e+00 5.011053652941933834e+00 -9.231294628118904555e+00 8.705287447979232596e+00
5.328619608987793299e+00 -3.921759020580123156e+00 -5.184060535136700842e+00 -6.801085455036028904e+00
2.001398640900027726e+00 4.278778939229690437e+00 -8.310645218295526604e+00 8.806625654404056647e+00
361.249475020326603847e+00 273.924632949180899999e+00 -151.007367366191305535e+01 97.480071182626208071e+00
1.095369763286092812e+00 4.101926199859108557e+00 -1.282957745415302320e+01 8.373809401905596417e+00
7.330805787303399157e+00 -6.063484543027932716e+00 -6.039334303369545687e+00 -6.462052857299008579e+00
-6.779975826063628475e+00 -7.383585247392145945e+00 -1.038899118770214258e+01 7.392085890304730178e+00
6.746528914557267775e+00 -6.526227570289943714e+00 -6.338990481599044990e+00 -5.833911511685873741e+00
7.474269164996465875e+00 -4.939708150433838263e+00 -5.058021848703658563e+00 -6.310905961298564293e+00
1.769732083471015294e+00 2.913668373956059376e+00 -7.955898810152316258e+00 7.968055665279253574e+00
-7.854308861378591189e+00 -6.093024989533494917e+00 -7.679732177628606493e+00 6.502840597146992252e+00
2.976301998357377965e+00 4.812842807226706654e+00 -9.903579358724297066e+00 1.015716626373315279e+01
2.569397616034213350e+00 3.959258903487014702e+00 -9.805991317311171684e+00 1.049697389522707525e+01
3.185463987019135246e+00 4.171684616940495971e+00 -1.056981876513190244e+01 9.860300517503157280e+00
-1.696671800658552165e+00 1.037052615676914513e+01 4.567868714647767447e+00 2.976702581832756156e+00
5.642835434508733705e+00 -6.967406399222209501e+00 -5.205389782357920048e+00 -5.540247108968388012e+00
-3.924568365103164425e+00 8.593640805432961827e+00 4.297164319701331614e+00 1.170892414719113095e+00
-7.763484627352402967e+00 -6.726384487330419049e+00 -8.780119038190010272e+00 6.180552617668079840e+00
-2.422150554814578971e+00 8.715278777732454074e+00 4.731639612763603786e+00 -1.439923066016080000e-02
-2.842351793431507900e-03 4.347905870690336627e+00 -1.025009657885233949e+01 1.025063037803611010e+01
-3.109836312971554939e+00 8.722592378405044755e+00 4.038172223998704347e+00 3.825447868449669997e+00
5.054425157214068598e+00 -6.352592809388250217e+00 -6.358256956139804572e+00 -6.284929209166581821e+00
1.582255748167191944e+00 4.292192133207000104e+00 -8.147036825017835326e+00 7.962334892060447089e+00
-3.348415146275388832e+00 8.705073752347107785e+00 4.971142267631665668e+00 2.948714811063091190e+00
-6.364579504845222502e+00 -3.027378102621225420e+00 -8.267437245942844015e+00 8.459088555679301180e+00
-1.043548854131196135e+00 8.788509827711786571e+00 4.707407040916025132e+00 5.484214977272752201e-01
1.550368369074742070e+00 5.250402152888274721e+00 -9.524030094988487960e+00 8.320452265310580131e+00
6.198787344529192112e+00 -5.130367854086978596e+00 -7.431121085240581792e+00 -6.474289287952617045e+00
-6.819396981210243958e+00 -4.416867480790660494e+00 -9.030688721417133635e+00 7.625070257832315512e+00
-5.916251061906947939e+00 -6.467328666339448695e+00 -8.016267596641521109e+00 9.220315898152650291e+00
2.921900110297426245e+00 4.468751076797517818e+00 -8.775447995244990196e+00 1.002782588516349804e+01
227.599276654194485836e+00 -86.330121442096880102e+00 -107.261915327206345694e+00 -95.839990631424817558e+00
7.521173452729113862e+00 -5.569875780696125211e+00 -4.173697722640315355e+00 -7.140208088286475352e+00
-6.619744396902846439e+00 -6.098286721498636709e+00 -1.007527846751409228e+01 6.003066302414426403e+00
-7.662880483487507277e+00 -7.202171109481621869e+00 -8.024810539266340470e+00 6.092658599064748159e+00
